14597
14599
14601
14605
14613
14616
14619
14637
14638
14648
14650
14655
14657
14669
14676
14678
14690
14692
14697
14698
14702
14704
14707
14711
14722
14728
14731
14780
14796
14797
14801
14809
14819
14823
14834
14841
14843
14844
14847
14852
14854
14857
14859
14861
14869
14877
14882
14884
14891
14899
14905
14915
14916
14922
14924
14925
14926
14937
14949
14977
14984
14994
14996
15001
15013
15016
15017
15022
15027
15030
15033
15038
15053
15093
15106
15110
15121
15122
15126
15129
15153
15162
15169
15712
15720
15722
15724
15726
15826
16689
16693
16715
16756
16803
17028
